1 5 6 6 8 13 13 14 15 15 24 24 33 33 34 35 36 41 44 45 
4 8 8 14 16 17 19 22 28 28 33 38 42 43 45 45 46 46 44 45 
5 5 9 10 11 11 16 16 17 21 26 28 28 30 31 45 46 46 44 45 
5 6 13 14 17 17 19 24 26 27 29 29 36 36 38 38 44 44 44 45 
1 4 4 4 6 9 13 18 18 19 25 27 32 33 34 34 39 44 46 56 
2 2 5 9 9 13 15 20 21 24 26 27 31 32 34 37 38 42 43 49 
0 5 6 6 12 14 15 15 16 18 21 26 26 26 30 31 37 42 43 49 
5 6 6 11 12 14 17 20 21 22 29 30 35 37 39 43 46 47 56 60 
7 9 10 15 15 17 18 20 27 28 34 37 40 43 46 48 48 47 56 60 
5 8 9 9 11 15 19 19 19 27 27 27 30 34 36 38 43 45 47 47 
0 1 4 4 9 14 14 16 16 17 17 17 18 22 23 25 26 31 40 46 
3 8 8 9 9 12 14 16 23 26 28 31 36 37 41 43 43 44 52 55 
3 6 8 10 11 13 13 18 23 24 29 32 33 37 37 43 43 44 52 55 
6 7 7 10 11 16 16 16 23 25 30 30 37 38 39 43 43 43 49 50 
9 10 10 16 17 18 22 22 27 29 31 37 40 43 43 53 53 43 49 50 
6 6 6 8 14 14 16 18 21 25 26 29 34 35 36 39 42 43 49 50 
0 0 5 6 7 12 14 14 18 19 26 27 32 33 33 36 36 46 46 55 
7 9 15 17 17 21 24 27 27 28 31 35 40 41 42 45 50 50 50 55 
3 8 8 10 10 12 14 17 23 23 24 27 28 32 33 37 37 40 50 55 
2 9 9 10 14 15 18 25 25 25 26 27 34 34 37 39 39 43 52 56 
0 4 5 6 11 13 13 17 23 25 25 34 35 36 43 44 45 46 52 56 
6 6 7 9 13 19 20 23 25 25 29 30 31 32 38 39 40 41 41 50 
2 5 6 8 8 8 13 18 19 22 22 26 28 30 32 34 34 41 41 41 
4 4 7 12 14 14 22 23 24 27 27 30 36 37 37 40 47 47 54 54 
6 8 14 17 17 18 21 24 26 30 33 37 37 42 46 49 50 53 60 60 
4 6 12 15 20 24 30 30 35 36 44 46 46 51 55 56 57 60 65 67 
0 4 4 5 9 12 15 16 20 21 23 25 31 34 38 40 42 60 65 67 
2 2 3 10 13 14 15 21 23 24 25 27 28 32 34 40 42 60 65 67 
6 8 9 15 16 16 16 23 24 25 26 28 33 34 38 40 42 42 65 67 
1 8 10 11 16 16 18 19 22 24 26 28 31 33 38 42 48 58 59 62 
9 9 10 13 15 16 17 23 24 29 31 33 36 39 40 41 41 46 49 62 
3 10 12 18 21 21 24 25 26 27 31 32 33 38 41 41 41 46 46 46 
2 6 7 7 11 12 14 15 19 22 22 30 30 31 32 36 37 42 43 44 
1 4 7 9 11 14 15 17 20 22 23 24 30 30 31 33 35 41 44 45 
4 5 7 10 16 17 18 20 25 27 28 30 30 35 37 43 50 57 65 75 
0 2 4 7 9 17 18 20 24 26 27 34 36 37 42 46 51 51 60 60 
6 8 10 13 13 19 22 26 27 35 36 43 43 45 48 55 55 51 60 60 
1 9 10 10 12 12 15 22 22 23 24 29 31 32 33 38 41 44 44 54 
9 10 11 12 16 19 19 26 28 31 32 33 40 41 44 49 51 51 55 54 
9 10 13 13 15 23 24 24 29 29 33 38 39 43 43 48 52 56 56 59 
3 6 9 9 14 19 19 23 28 30 35 36 41 43 44 47 48 51 55 57 
1 2 3 6 9 12 13 17 18 19 25 26 27 31 34 36 36 38 40 49 
1 9 9 11 14 14 19 22 24 28 28 34 35 39 34 36 36 38 40 49 
6 10 14 16 17 20 24 26 33 34 36 42 42 50 52 55 55 64 64 65 
1 3 4 7 10 12 13 17 18 21 22 28 30 33 34 41 42 44 64 65 
0 0 1 5 10 10 11 16 17 19 19 22 26 28 34 35 38 38 38 38 
2 2 4 6 12 15 16 18 20 20 23 26 27 30 31 37 41 44 47 55 
1 9 9 12 12 16 22 22 29 31 32 37 39 45 45 50 53 60 66 76 
2 4 6 10 10 11 13 15 22 23 24 24 29 30 30 30 37 45 52 52 
2 3 4 9 14 15 16 20 25 26 27 28 31 36 37 38 42 43 43 52 
3 3 9 12 12 14 14 15 22 23 25 28 28 33 36 36 37 44 47 56 
3 7 10 13 17 17 21 24 30 32 37 39 42 44 48 49 51 54 54 61 
5 6 11 11 15 19 22 23 23 32 33 38 38 43 46 48 48 50 53 61 
1 2 7 7 8 10 11 18 20 23 27 31 32 35 40 43 50 59 63 64 
4 9 10 12 16 19 20 24 28 29 34 36 36 36 44 45 51 52 62 63 
4 4 8 12 13 16 21 23 29 32 33 33 37 41 43 43 45 52 62 63 
5 5 9 12 14 15 22 24 29 30 31 31 31 32 34 34 35 41 44 44 
1 1 1 1 8 9 10 17 20 24 28 30 35 35 40 40 47 50 44 44 
7 8 10 18 18 18 22 23 24 27 28 28 35 37 37 40 41 45 51 52 
7 9 13 13 14 15 17 18 19 22 22 25 28 30 34 35 41 45 51 52 
8 10 10 12 14 14 22 22 23 24 26 26 32 35 36 37 44 49 55 64 
2 3 7 8 9 14 18 22 24 30 30 33 36 43 45 52 54 55 63 64 
7 7 9 14 16 17 19 23 23 28 28 28 30 36 40 43 49 58 66 74 
3 4 5 10 15 18 19 27 28 31 38 39 42 48 51 54 57 59 61 74 
0 3 4 4 13 14 15 17 21 21 25 25 26 29 31 34 38 39 39 43 
1 3 3 4 4 10 12 12 14 19 22 22 29 29 34 38 38 48 56 59 
8 10 14 17 21 22 28 30 36 37 43 44 45 48 49 50 50 52 59 59 
1 6 8 11 12 18 18 26 27 27 29 33 37 38 39 40 50 52 59 59 
2 6 7 8 13 15 16 17 18 21 23 28 30 35 36 39 42 42 59 59 
1 5 6 6 15 15 16 16 22 22 26 28 32 34 36 37 40 41 51 53 
2 3 11 12 12 15 16 16 18 20 21 24 28 34 36 37 38 41 43 50 
0 2 8 9 9 9 12 19 21 27 29 31 34 36 37 37 44 47 53 55 
4 9 10 14 19 24 26 27 32 36 38 39 43 43 47 47 49 49 49 55 
0 4 5 8 10 15 15 17 19 20 23 25 26 27 47 47 49 49 49 55 
5 9 11 18 19 24 24 26 28 31 32 34 39 40 42 44 45 53 57 63 
4 6 8 8 13 15 17 24 27 32 35 37 39 39 44 44 47 48 57 57 
9 10 10 14 18 20 23 24 32 33 38 42 47 48 54 57 58 59 62 57 
1 4 10 10 13 18 21 22 25 29 30 33 34 36 36 38 44 45 52 55 
0 6 6 8 12 15 19 22 24 25 31 32 33 35 37 40 40 45 52 55 
7 10 12 17 20 26 26 30 33 36 36 40 44 46 47 51 54 45 52 55 
3 8 9 15 17 18 18 20 26 26 29 31 33 36 40 42 43 50 52 55 
1 3 4 8 8 11 12 13 18 20 20 24 29 29 29 42 43 50 52 55 
2 7 10 15 20 21 22 27 28 28 29 35 37 42 45 47 49 50 52 55 
5 6 10 15 19 22 24 28 31 36 41 42 45 46 47 52 53 57 52 55 
0 4 8 10 14 16 19 23 28 30 37 38 47 48 51 54 55 58 64 67 
8 9 12 13 14 15 24 24 24 30 30 31 32 40 40 40 43 44 49 51 
2 2 8 11 14 17 23 24 24 25 25 29 32 33 33 38 39 44 54 59 
4 5 6 8 10 10 14 15 21 24 28 31 33 40 41 49 51 44 54 59 
8 9 13 13 14 16 17 19 19 19 26 26 26 32 32 32 41 41 54 59 
6 9 13 13 14 14 22 23 29 32 32 32 35 36 41 42 43 47 48 54 
0 9 10 11 17 18 19 19 26 29 35 37 37 43 43 47 50 51 57 63 
2 8 10 11 12 14 17 22 23 23 24 24 27 30 31 37 37 46 47 52 
2 9 11 18 18 20 22 25 27 32 34 41 43 44 45 54 54 56 62 65 
1 3 7 12 13 13 14 15 21 23 28 29 31 31 35 38 38 46 62 65 
2 5 8 11 18 18 21 24 26 31 32 33 35 36 38 40 42 45 50 56 
0 7 7 9 13 15 17 20 21 21 26 26 26 31 33 34 36 44 44 51 
0 2 4 7 10 10 12 20 20 20 21 21 22 24 25 29 36 44 44 51 
0 7 7 9 10 12 13 15 19 22 25 25 28 31 36 37 37 41 47 47 
5 7 9 11 13 14 16 17 21 22 26 29 29 31 34 36 44 52 54 59 
7 10 11 13 18 19 28 28 28 30 33 34 35 41 41 42 44 52 54 59 
3 4 7 8 15 15 16 19 20 27 29 29 35 39 40 41 41 46 48 48 
1 4 6 9 11 15 16 21 25 28 30 35 37 37 39 40 43 47 53 59 
0 3 7 9 11 12 15 15 22 24 25 27 30 33 37 40 42 46 46 49 
2 7 9 12 17 18 20 20 26 27 30 32 35 35 41 42 48 48 49 56 
6 7 9 16 17 19 25 26 26 29 33 34 36 37 40 40 48 48 49 56 
2 7 9 13 17 23 27 28 32 38 39 42 45 49 49 50 53 53 49 56 
5 9 10 11 12 17 18 19 20 25 28 31 33 34 36 38 38 38 49 56 
4 5 6 10 16 16 17 21 23 23 25 27 28 28 36 38 41 41 46 54 
4 8 14 16 23 24 25 30 33 36 36 39 40 43 44 44 41 41 46 54 
3 6 8 10 10 11 18 19 19 22 26 28 28 34 36 44 41 41 46 54 
0 3 5 6 7 10 10 12 13 19 21 23 26 28 32 32 37 37 46 46 
2 3 6 8 11 16 18 20 21 21 21 23 28 31 32 36 37 37 38 40 
3 5 6 8 9 11 13 14 23 23 32 32 32 32 37 39 42 44 47 50 
1 10 10 10 10 12 12 14 14 23 24 25 29 32 36 40 44 52 56 61 
2 7 9 10 13 15 17 22 25 28 30 31 35 39 40 45 47 57 57 67 
4 4 9 9 9 16 17 17 17 18 21 27 27 32 33 36 43 44 49 55 
6 9 10 13 18 19 20 24 26 32 34 37 39 39 42 42 44 48 48 55 
7 8 13 16 17 22 23 25 29 32 39 42 42 48 52 52 53 54 57 67 
5 7 14 16 17 18 23 24 30 33 33 40 41 45 46 47 50 54 57 67 
3 9 11 13 15 20 21 22 27 30 30 31 32 35 41 45 49 54 54 60 
6 6 7 12 14 15 17 18 21 26 26 30 31 32 34 37 42 45 49 59 
4 5 9 13 16 20 20 22 26 27 29 31 34 39 44 47 47 49 55 55 
8 8 11 12 15 20 21 25 26 29 32 39 42 46 48 48 53 54 55 55 
5 8 12 16 17 18 19 24 25 27 29 34 34 35 37 37 41 44 45 47 
1 3 3 5 9 12 13 16 18 20 23 24 25 28 28 29 29 30 31 32 
4 4 4 8 11 13 18 20 23 29 29 30 32 33 39 39 42 43 46 46 
1 3 4 4 4 7 9 9 9 17 17 17 25 27 28 32 32 42 42 46 
3 6 7 9 14 15 24 24 27 30 32 34 37 39 41 41 41 44 44 46 
5 9 9 10 13 18 20 21 23 25 28 32 34 36 37 38 40 43 44 46 
0 0 6 6 9 12 13 14 15 18 23 28 30 31 38 39 40 49 53 62 
4 6 6 9 10 17 19 24 28 32 34 37 39 43 43 45 40 49 53 62 
2 3 4 9 14 15 18 24 27 27 30 33 34 35 36 37 40 46 53 62 
0 7 9 12 13 19 23 25 30 33 40 42 48 50 54 54 57 58 59 62 
3 8 9 11 13 20 21 27 28 30 33 35 39 45 48 49 51 51 54 63 
8 8 10 10 15 19 22 24 30 32 37 37 37 38 40 47 51 51 54 63 
0 2 5 6 10 10 17 18 18 25 26 27 35 35 44 45 51 54 55 62 
4 5 7 7 12 12 15 17 20 22 27 28 28 36 37 39 40 42 44 62 
1 8 11 15 17 19 20 22 26 27 29 30 32 39 40 46 40 42 44 62 
6 7 7 10 14 16 16 19 22 23 29 29 31 38 38 40 43 49 49 54 
3 7 8 12 13 15 16 19 22 25 31 32 32 35 39 40 40 49 49 54 
3 5 9 10 13 16 18 23 27 28 30 31 34 34 36 40 41 48 50 54 
0 3 7 8 9 10 18 18 19 25 29 31 33 33 40 40 48 58 59 61 
4 4 6 7 7 11 12 16 19 20 25 28 34 37 41 47 50 50 59 61 
6 9 13 17 18 18 19 19 20 20 22 22 23 28 30 30 30 33 34 61 
5 8 10 12 15 17 19 21 25 31 33 34 38 43 43 47 50 33 34 61 
2 8 12 12 13 16 19 24 26 27 35 36 36 37 37 45 45 46 55 60 
2 6 7 7 7 11 15 21 21 22 23 23 29 29 30 31 36 37 41 44 
3 7 7 9 10 12 13 15 18 23 24 26 28 33 34 36 37 38 47 56 
2 2 2 3 9 9 14 17 19 25 27 27 29 31 34 35 38 39 45 47 
7 10 17 18 24 26 31 33 38 40 41 42 44 45 47 52 54 59 60 62 
0 7 9 9 12 12 17 17 19 21 25 26 26 27 32 32 32 40 60 62 
1 4 7 9 9 12 18 22 23 24 25 25 25 26 30 35 36 40 60 62 
1 6 8 10 10 13 18 18 21 24 25 26 29 31 34 40 42 43 60 62 
6 8 10 11 13 14 15 16 18 21 24 28 32 33 34 35 39 43 45 47 
3 6 8 8 15 16 17 19 24 29 31 31 38 41 47 48 51 52 45 47 
5 9 10 12 15 15 16 21 24 24 24 25 28 33 35 40 41 42 44 47 
5 5 10 13 15 15 15 16 25 26 27 33 33 36 39 40 40 49 52 58 
1 2 6 7 8 15 16 19 20 23 27 32 32 38 41 44 48 50 52 58 
2 2 11 12 16 16 18 22 26 27 27 30 34 35 39 40 45 46 46 53 
5 6 9 13 16 19 20 26 28 29 31 34 36 39 40 40 42 43 43 48 
6 9 10 14 14 18 19 21 25 29 30 30 30 31 34 38 39 40 41 41 
1 2 3 5 5 7 9 13 15 19 21 21 23 24 34 38 39 40 41 41 
8 8 11 17 17 23 25 26 27 29 37 39 44 45 45 51 54 58 60 64 
3 5 8 10 11 14 15 20 25 30 30 30 32 36 36 42 45 46 46 64 
4 7 10 10 13 16 19 21 21 21 24 31 32 34 36 42 44 50 53 63 
0 2 4 7 10 10 12 16 19 20 21 22 24 25 27 28 36 38 44 49 
9 9 14 14 15 19 22 22 26 32 35 38 42 43 45 46 55 56 56 59 
4 8 12 14 17 22 22 26 31 34 35 39 41 41 41 50 51 51 56 59 
0 2 3 6 9 9 12 13 16 16 19 21 21 23 26 29 31 38 40 48 
6 6 10 12 14 21 24 29 30 31 35 36 38 42 43 44 44 45 48 54 
6 9 9 11 14 16 19 22 24 24 28 31 34 41 41 44 44 45 48 54 
3 8 8 8 13 15 19 20 24 25 28 33 35 39 43 43 45 46 53 54 
1 1 10 11 16 19 21 21 24 27 27 34 36 41 42 43 46 47 50 51 
0 0 7 9 13 13 16 17 23 24 27 33 36 41 44 44 46 47 50 51 
9 10 12 14 16 18 18 19 25 26 28 31 34 35 41 41 43 43 43 48 
3 5 10 10 16 16 20 23 27 28 29 31 31 34 36 42 44 50 43 48 
7 8 11 11 17 20 21 22 25 27 32 33 40 42 46 47 47 49 43 48 
0 1 1 8 11 15 18 23 25 29 33 33 34 38 40 43 45 45 43 48 
4 8 9 12 19 20 28 28 29 29 38 38 39 46 48 51 52 54 60 63 
0 1 1 5 6 6 6 9 10 10 12 14 20 20 26 27 52 54 60 63 
2 3 5 5 6 9 15 15 15 20 20 21 23 24 28 29 36 37 38 63 
6 9 9 16 16 18 21 27 27 29 32 37 40 43 45 45 47 49 38 63 
3 3 7 10 11 15 15 16 24 25 27 31 35 37 38 38 39 44 38 63 
1 3 7 8 8 13 15 17 23 25 25 32 35 35 36 38 41 43 45 63 
2 2 5 11 12 15 16 17 21 25 29 29 30 32 35 40 44 44 54 61 
1 6 9 11 13 17 19 23 25 26 28 28 30 32 37 40 44 44 54 61 
3 6 13 14 14 14 16 21 22 26 26 29 32 34 34 40 42 45 51 56 
1 3 5 5 8 14 16 18 23 25 27 29 29 29 30 33 42 45 51 56 
0 2 4 5 6 8 8 10 16 18 20 25 25 33 35 41 41 41 42 45 
1 2 10 12 13 15 18 24 28 34 38 40 48 49 50 53 55 56 42 45 
1 4 6 8 15 15 15 19 19 29 29 29 29 29 34 39 55 56 42 45 
2 8 9 10 14 20 23 27 30 35 37 44 45 50 51 54 57 58 59 60 
3 4 5 5 8 11 13 14 15 19 23 23 27 32 35 37 57 58 59 60 
9 10 11 15 16 17 24 25 29 34 38 39 42 44 48 48 50 54 55 60 
3 4 10 10 13 14 19 19 21 22 23 23 28 32 32 33 33 34 34 41 
1 2 5 7 7 11 12 13 13 14 19 20 24 26 33 34 35 41 43 46 
0 8 8 15 15 16 20 22 22 26 29 32 32 36 36 38 39 40 45 45 
7 10 11 12 15 16 17 19 20 20 21 21 27 28 31 37 40 41 45 45 
0 0 3 5 9 12 12 16 20 21 27 28 33 35 35 35 39 39 45 45 
8 8 9 14 18 21 24 26 28 34 37 41 42 44 45 52 54 57 60 62 
4 4 4 5 9 11 16 19 21 23 25 26 29 35 35 37 40 49 57 59 
1 2 4 4 5 11 13 14 19 21 26 27 33 33 40 40 43 49 57 59 
10 10 13 19 21 21 27 31 35 39 44 47 53 55 56 59 43 49 57 59 
1 7 8 12 15 17 20 21 22 31 31 34 39 41 46 47 48 49 57 59 
6 6 6 7 7 12 14 16 22 23 23 23 32 33 35 35 40 49 57 59 
7 9 10 12 15 19 19 21 25 27 29 29 31 36 36 43 45 46 52 53 
0 4 7 7 8 8 10 13 15 16 16 22 25 28 34 38 43 43 43 46 
8 9 9 18 19 26 29 33 38 40 45 45 47 48 48 51 53 43 43 46 
0 2 2 7 8 11 12 14 20 21 23 28 32 38 38 45 47 43 43 46 
1 5 8 10 13 15 20 22 24 30 30 32 38 38 42 46 47 47 49 46 
0 3 3 7 8 12 15 17 20 21 23 25 33 34 34 40 44 50 54 63 
7 9 11 12 15 15 20 25 27 28 30 34 37 40 43 48 44 50 54 63 
4 8 13 14 20 21 22 22 25 31 34 34 35 35 36 43 43 44 54 63 
4 4 4 13 14 14 16 19 23 24 28 31 35 38 40 43 48 44 54 63 
2 6 10 11 15 21 22 25 29 29 31 33 39 40 41 41 47 51 54 56 
0 1 4 7 9 9 14 19 19 20 21 29 30 32 33 33 35 37 37 56 
0 1 3 4 8 10 10 11 16 16 26 26 33 33 36 39 44 45 37 56 
1 6 8 12 16 20 21 24 27 27 33 33 36 41 41 44 50 58 68 73 
0 1 3 6 13 14 20 21 25 26 30 32 38 39 40 40 46 49 51 52 
3 7 7 7 8 8 10 15 17 18 19 19 21 21 22 23 23 29 33 33 
0 9 10 13 18 18 24 26 27 31 32 33 36 36 36 40 44 44 47 33 
1 3 4 4 9 10 13 17 17 25 26 30 31 37 37 37 40 42 46 33 
3 6 7 11 14 15 17 18 22 25 29 31 34 39 40 45 47 48 50 33 
0 1 3 7 9 9 10 12 14 18 20 25 28 33 33 34 35 44 47 56 
5 9 12 12 12 15 19 20 20 24 24 27 28 30 38 40 40 41 51 53 
6 8 8 10 15 18 22 22 25 25 25 28 31 31 38 46 53 57 62 66 
0 0 0 3 7 8 10 13 17 18 19 22 23 27 32 36 37 40 62 66 
1 3 4 8 12 12 18 21 24 26 26 28 30 32 37 39 39 40 62 66 
6 9 11 13 15 15 15 20 25 26 27 28 28 29 31 34 34 43 43 44 
9 10 11 12 17 22 22 23 30 33 35 35 39 41 44 51 54 60 43 44 
7 8 15 16 19 26 27 33 36 39 40 43 44 46 47 47 47 48 49 53 
8 8 8 8 9 15 18 19 19 20 23 28 28 29 32 47 47 48 49 53 
0 0 1 2 7 7 8 14 18 21 21 23 24 26 28 28 29 35 41 44 
3 3 4 7 14 15 15 16 21 23 25 25 26 28 32 32 37 39 44 46 
5 6 8 14 16 21 23 23 27 28 33 36 38 39 41 42 48 52 58 61 
1 10 11 19 20 21 26 28 34 35 38 38 40 42 42 43 43 52 58 61 
3 5 10 10 15 17 17 27 27 31 32 35 41 42 42 43 45 48 50 61 
0 5 6 6 9 10 11 14 15 17 20 20 21 22 22 24 24 32 32 40 
1 1 2 7 9 12 13 18 18 20 20 27 28 33 35 38 39 45 45 54 
6 6 9 11 14 18 21 24 27 30 30 31 34 40 40 40 42 44 50 56 
0 1 4 10 10 13 16 21 21 29 31 39 40 44 45 49 54 55 56 58 
3 4 5 10 13 18 20 20 28 30 34 39 40 41 43 47 47 49 58 62 
0 8 10 13 15 21 21 21 26 28 28 30 34 38 41 47 47 49 49 55 
1 2 3 5 10 10 12 14 15 17 20 25 29 29 38 39 43 44 53 57 
5 10 13 14 17 19 20 26 26 27 33 36 36 37 37 39 42 49 54 57 
0 3 4 5 7 10 12 13 18 20 25 30 30 31 31 36 39 39 43 44 
2 2 3 11 12 14 21 21 22 27 30 31 34 35 38 40 44 44 43 44 
2 3 6 10 11 11 13 16 18 21 24 31 33 39 39 41 41 41 42 44 
6 8 11 14 14 17 23 27 27 27 33 34 38 39 39 42 43 49 51 52 
2 3 10 11 16 20 22 24 28 30 31 32 32 36 38 44 45 46 49 49 
5 6 11 12 15 17 18 20 20 23 28 30 38 39 39 39 43 48 49 52 
2 6 6 6 10 16 16 18 18 22 26 27 28 32 33 34 40 41 47 50 
2 5 8 12 17 22 22 26 26 32 34 35 38 39 33 34 40 41 47 50 
3 3 8 10 10 13 17 19 19 19 24 28 32 32 35 37 39 41 41 42 
2 3 6 8 9 9 9 13 13 13 14 21 22 26 31 32 39 39 46 42 
6 7 8 8 10 12 16 17 23 25 25 25 33 35 39 39 44 54 60 60 
1 6 6 8 14 15 21 22 27 29 31 34 34 35 39 42 46 47 57 62 
1 2 5 9 15 15 16 17 19 23 24 31 33 37 38 39 41 43 57 62 
2 3 6 6 8 13 14 15 15 15 19 20 24 25 26 29 32 32 57 62 
1 5 8 8 11 12 12 14 15 16 18 18 18 21 21 29 32 32 57 62 
1 2 10 10 12 15 18 19 19 24 24 30 31 32 36 40 41 44 46 62 
0 3 7 12 13 20 21 21 25 25 25 25 27 31 35 35 38 42 46 54 
1 2 6 8 10 10 14 17 17 17 20 21 23 25 29 32 38 42 46 54 
6 9 14 14 15 16 23 25 25 26 28 35 35 39 43 49 49 57 46 54 
2 8 10 15 17 18 23 25 32 32 33 36 42 44 45 45 47 57 46 54 
3 4 7 11 12 13 13 16 22 23 28 30 31 32 33 34 41 42 48 50 
1 5 9 10 18 18 20 27 30 30 32 32 34 39 39 40 49 49 48 50 
2 2 7 9 11 11 18 19 20 24 26 28 30 33 35 35 37 41 44 50 
0 5 5 10 12 13 13 17 18 20 21 22 23 24 28 29 32 33 35 35 
1 1 9 10 11 11 12 14 18 21 25 29 29 33 35 36 38 41 41 35 
6 8 15 17 20 22 26 27 32 33 36 41 45 45 47 47 47 51 55 59 
7 10 13 15 16 16 22 24 26 27 29 29 35 36 40 40 41 43 43 47 
1 4 9 11 11 11 12 15 17 23 23 24 27 33 33 37 41 50 56 58 
6 6 10 10 11 20 21 28 28 33 37 39 40 43 44 44 41 50 56 58 
2 3 6 12 13 16 17 24 25 30 31 35 39 42 49 50 51 53 60 60 
4 5 10 14 16 18 20 21 28 29 30 32 36 37 39 40 44 44 45 52 
7 8 9 11 12 20 21 23 30 30 31 33 35 36 40 40 41 44 50 52 
5 7 8 11 11 15 21 24 25 32 34 34 35 36 38 41 42 45 50 51 
1 8 10 10 15 16 18 18 20 20 26 27 28 34 36 37 38 39 48 52 
0 0 0 7 8 10 15 15 18 19 24 29 29 31 31 32 38 39 48 52 
5 9 11 12 17 21 25 27 33 35 36 36 41 45 48 50 51 51 61 70 
1 3 6 7 7 7 7 7 12 17 19 26 27 33 36 37 40 51 61 70 
3 3 6 8 9 9 12 14 17 20 26 28 29 35 36 38 38 51 61 70 
0 6 7 7 11 12 16 19 21 26 28 29 29 35 36 45 46 52 61 70 
8 9 11 17 17 19 21 25 27 28 32 34 35 37 44 45 46 52 61 70 
3 8 8 8 10 10 16 17 18 22 23 24 28 29 31 34 38 43 43 52 
9 10 12 14 19 23 24 26 27 27 32 35 37 39 40 47 38 43 43 52 
0 0 5 6 9 12 12 14 15 15 19 22 25 27 35 37 38 38 39 44 
0 2 3 7 12 12 16 21 22 25 29 31 34 37 41 41 47 50 52 59 
6 7 11 11 12 16 21 22 30 30 33 38 41 42 50 50 50 51 59 59 
8 8 9 11 18 18 19 19 23 25 29 30 35 35 41 44 45 51 59 59 
3 3 6 6 12 15 20 21 22 31 31 32 33 35 38 39 39 48 48 59 
0 3 9 11 16 19 23 24 24 26 26 28 30 32 35 38 40 42 43 45 
0 4 8 11 13 13 14 21 21 25 28 30 33 38 40 42 40 42 43 45 
1 1 8 8 9 13 14 20 21 24 27 28 32 32 37 37 40 43 45 49 
4 6 12 13 18 18 21 25 27 31 33 35 39 41 41 43 43 49 50 49 
1 2 10 12 14 16 16 17 25 25 34 34 37 37 42 42 50 51 55 49 
1 2 7 10 11 14 14 15 19 23 28 30 30 30 34 40 43 48 49 58 
1 1 4 8 11 13 14 17 23 26 27 28 32 35 42 43 47 48 54 56 
8 8 9 15 15 16 19 20 23 26 27 29 29 32 34 37 47 48 54 56 
0 2 5 7 11 11 12 14 14 15 15 24 25 33 34 35 39 42 43 44 
0 1 3 5 11 12 19 21 22 24 29 30 30 32 32 36 42 44 46 44 
1 3 7 9 15 16 16 21 25 26 29 30 36 39 39 47 48 48 48 44 
3 5 5 5 11 13 16 20 20 27 29 35 35 37 39 41 41 48 48 44 
4 4 9 11 13 13 19 20 21 21 22 24 26 29 32 33 35 48 48 44 
7 8 9 10 11 13 15 16 18 19 21 23 26 30 30 32 35 42 50 54 
4 5 7 11 11 13 13 14 22 24 24 30 32 36 36 32 35 42 50 54 
0 3 7 8 14 16 22 23 29 31 33 33 33 37 38 44 46 42 50 54 
0 4 6 6 14 16 19 21 21 24 25 25 30 31 39 44 46 42 50 54 
7 10 10 12 17 18 21 22 24 24 30 31 31 32 38 41 46 42 50 54 
7 7 8 12 13 19 22 24 28 30 30 33 34 35 37 45 45 47 50 54 
1 1 1 2 2 4 4 5 7 8 8 8 12 13 13 45 45 47 50 54 
0 2 5 6 7 7 13 17 21 21 22 28 29 30 33 37 37 47 50 54 
7 10 13 15 21 22 25 25 32 33 33 40 41 44 44 49 53 53 50 54 
1 9 9 10 11 14 15 18 20 21 21 25 25 27 30 33 36 36 37 40 
5 5 5 5 5 12 13 14 19 19 21 26 27 30 33 36 40 36 37 40 
1 8 9 18 18 22 24 26 27 30 31 34 35 36 40 41 44 45 46 52 
0 1 3 7 7 10 13 18 20 20 22 25 28 31 33 41 41 44 46 52 
0 7 9 13 16 18 24 25 27 27 28 28 29 37 39 41 41 44 46 52 
0 3 4 5 5 9 14 16 19 25 25 25 33 34 35 38 41 46 46 52 
2 3 3 5 13 15 18 25 25 27 31 34 39 42 44 47 50 56 60 62 
1 5 6 7 8 12 12 18 18 19 20 24 25 26 29 30 35 39 45 53 
0 0 0 1 3 8 13 14 16 16 19 23 23 24 25 25 35 39 45 53 
1 2 4 4 11 14 19 22 26 27 32 35 38 42 46 50 50 56 56 65 
4 8 12 13 16 19 19 20 22 24 26 26 29 29 31 35 50 56 56 65 
3 9 11 12 16 22 24 27 29 29 33 37 37 46 47 50 50 50 55 64 
3 9 9 13 16 17 17 17 19 25 26 30 31 35 38 40 46 48 52 64 
4 6 7 8 9 13 14 16 21 22 23 32 32 34 39 42 43 45 52 53 
3 7 8 14 17 18 22 27 29 31 34 41 42 44 45 49 50 53 52 53 
4 9 9 15 16 16 19 24 24 32 33 39 42 47 51 55 58 61 68 68 
4 7 7 10 13 17 17 23 23 25 27 33 36 38 39 39 39 61 68 68 
4 9 10 15 17 24 24 25 26 26 29 35 39 40 44 45 51 51 55 65 
10 10 17 17 21 24 27 31 36 36 41 41 45 45 45 47 48 53 54 65 
7 9 15 19 19 20 20 23 25 27 34 37 38 43 45 45 53 62 66 72 
2 5 6 7 8 10 16 17 17 21 24 24 29 32 39 40 44 62 66 72 
5 5 8 10 10 11 11 14 16 20 24 30 31 36 37 38 40 41 42 44 
4 4 4 6 6 10 13 18 23 24 24 28 29 31 36 39 40 41 42 44 
6 9 10 11 11 14 14 14 15 19 21 21 27 28 33 34 34 35 42 47 
4 7 8 12 14 14 16 18 19 19 22 26 29 29 30 32 32 38 40 48 
3 3 8 9 10 11 12 17 22 26 32 36 37 42 43 45 45 48 52 60 
0 7 10 10 16 20 23 24 31 32 34 35 36 38 38 42 46 50 52 55 
0 4 8 12 13 18 19 19 22 22 24 24 26 32 34 35 37 50 52 55 
3 7 12 13 15 21 25 28 32 36 37 43 44 47 49 53 53 59 52 55 
2 10 11 12 17 17 20 22 23 24 27 34 37 40 41 46 48 59 52 55 
1 5 8 12 12 12 12 14 14 15 21 24 25 34 34 37 42 43 46 53 
1 8 11 12 12 19 19 20 20 21 29 30 30 34 34 37 42 43 46 53 
5 8 9 12 13 16 23 24 27 28 31 36 37 38 39 41 44 45 54 60 
1 7 11 13 14 19 21 24 27 28 28 29 37 38 39 42 47 48 55 63 
1 4 6 10 11 12 12 19 21 25 26 28 33 35 35 38 39 39 44 63 
1 6 6 12 13 15 17 20 21 22 23 28 31 35 38 38 40 41 44 63 
4 4 5 6 7 8 14 14 16 23 25 27 29 31 33 39 41 47 47 53 
3 7 10 10 12 12 14 20 20 23 25 28 30 33 36 40 42 48 51 55 
2 4 9 12 13 21 23 24 31 31 37 37 38 40 40 40 42 48 51 55 
1 2 8 11 12 13 13 14 16 16 17 22 22 30 31 34 37 42 47 54 
4 5 6 7 8 8 12 13 13 16 18 23 26 29 32 34 34 42 47 54 
7 10 14 15 21 22 23 23 25 28 31 34 36 39 44 48 50 52 61 65 
2 2 2 4 8 9 15 16 18 25 25 32 32 32 36 39 41 42 61 65 
0 3 4 8 12 12 15 15 15 18 22 25 26 33 34 35 41 42 61 65 
2 4 6 6 14 16 22 23 24 24 24 29 30 35 38 43 46 54 64 70 
6 6 8 10 13 14 15 16 18 20 21 21 27 31 32 36 39 43 44 70 
0 2 7 12 15 17 24 25 26 32 34 35 37 44 47 48 49 43 44 70 
2 2 10 10 14 17 18 18 22 28 32 34 35 41 42 43 47 47 50 54 
2 4 10 11 12 13 20 21 25 27 30 34 37 38 43 43 43 50 53 57 
0 2 3 8 8 14 15 18 18 22 25 28 30 33 38 41 42 49 51 56 
3 3 4 10 10 16 18 18 19 19 21 22 23 24 24 29 33 34 37 43 
0 7 8 14 17 20 23 23 24 24 24 26 27 28 34 35 36 36 46 49 
4 10 13 16 19 24 26 27 27 28 28 33 34 34 38 38 41 41 46 49 
0 1 5 9 12 14 19 19 21 25 28 28 33 36 38 43 44 44 46 49 
4 8 10 15 16 21 21 26 26 29 32 36 40 43 48 50 56 57 59 60 
3 7 8 8 9 11 14 18 19 22 28 29 29 31 35 37 46 52 57 67 
2 5 9 11 17 18 19 19 23 27 31 33 37 39 43 45 45 53 54 63 
9 10 14 18 19 19 26 27 29 30 36 37 38 44 46 49 51 51 54 63 
0 2 6 9 15 16 22 23 25 26 31 33 34 34 38 39 40 42 47 57 
7 8 11 14 19 19 19 25 26 28 29 37 37 40 46 46 48 52 53 63 
1 9 9 15 18 23 23 23 24 26 28 29 35 39 41 47 48 50 51 51 
0 1 5 8 10 10 10 12 13 20 23 28 28 30 32 34 35 40 50 52 
1 2 2 5 8 10 12 15 16 19 19 20 21 29 30 30 35 40 50 52 
1 4 4 9 10 13 15 19 25 25 29 32 33 39 41 45 47 47 51 51 
7 8 10 12 17 19 20 23 25 26 30 31 34 40 41 44 50 55 65 75 
3 3 5 5 12 12 14 16 21 23 28 31 35 39 39 40 41 47 52 57 
0 3 4 11 13 13 14 17 17 18 22 24 25 26 27 28 33 34 37 57 
1 4 5 7 10 12 13 19 20 24 27 27 29 30 32 34 33 34 37 57 
0 5 8 10 11 14 16 17 20 21 22 27 27 27 32 33 34 38 39 57 
0 1 2 6 7 10 11 17 17 18 19 21 25 29 31 34 34 35 39 57 
3 8 9 16 16 18 21 23 25 27 32 33 34 35 40 40 43 46 52 56 
0 0 1 6 8 10 18 20 20 20 29 30 34 35 37 39 43 47 50 50 
0 1 8 9 9 10 15 15 17 19 24 25 31 32 33 36 36 41 43 43 
0 2 5 5 7 8 12 17 17 21 22 22 22 27 29 30 36 41 43 43 
3 4 9 13 19 20 20 20 24 25 29 30 32 36 37 39 45 46 46 48 
1 6 8 12 12 16 17 23 24 25 25 30 31 34 37 39 45 46 46 48 
2 2 5 8 9 15 17 17 19 25 26 29 30 30 32 36 38 38 46 48 
5 10 10 11 11 15 18 21 22 26 29 35 35 35 37 41 45 50 54 56 
0 7 7 14 16 22 24 26 27 33 36 36 41 43 46 46 49 51 53 56 
3 5 6 10 12 19 22 27 27 28 28 31 31 37 38 41 41 42 49 56 
3 8 11 12 20 21 22 28 28 28 28 31 38 39 42 46 47 48 55 56 
4 4 10 11 12 16 18 19 20 25 27 31 34 40 42 43 47 48 55 56 
3 3 8 9 9 13 13 16 19 23 28 28 29 29 29 34 36 38 42 56 
10 10 15 18 19 21 21 21 28 28 29 30 35 36 43 45 36 38 42 56 
1 3 6 7 8 12 12 17 19 20 20 21 22 23 23 30 30 36 37 40 
0 7 8 12 14 21 21 22 26 29 31 32 37 38 43 44 51 51 37 40 
5 6 7 7 9 13 16 17 23 24 33 33 34 38 39 41 43 44 50 57 
4 7 8 8 12 17 19 20 25 28 29 36 38 41 42 49 49 49 53 60 
0 4 5 11 13 16 21 25 26 27 27 28 30 37 40 44 44 47 48 52 
2 7 7 10 10 18 20 20 21 22 22 27 31 32 32 36 37 39 42 44 
1 5 10 11 13 17 18 20 20 21 29 29 33 35 35 36 42 43 43 44 
4 5 10 10 14 18 21 26 26 31 33 34 39 41 41 44 48 49 53 54 
7 10 14 16 19 24 29 32 32 35 37 40 41 42 46 46 50 49 53 54 
1 8 8 9 11 15 18 21 23 27 29 31 34 36 42 43 50 49 53 54 
0 0 3 7 8 13 16 19 24 25 25 26 33 33 34 42 42 44 46 47 
6 6 7 11 14 18 19 24 24 31 33 37 40 42 47 50 51 55 56 57 
0 1 1 6 8 12 12 13 14 16 22 23 23 25 33 34 35 38 39 41 
2 6 7 8 16 16 17 19 26 26 30 36 37 38 39 40 44 38 39 41 
5 5 11 12 16 18 20 21 28 31 38 40 42 44 44 45 47 49 52 53 
4 5 9 9 10 15 19 20 24 25 32 32 34 35 44 45 47 49 52 53 
0 2 6 8 8 11 16 16 18 25 26 29 31 34 36 37 43 44 44 45 
8 10 14 15 18 21 23 23 26 31 32 36 40 42 47 49 50 53 54 45 
7 8 14 16 18 25 27 28 32 33 36 42 43 44 51 52 53 54 54 63 
1 4 8 9 10 15 17 17 20 21 23 25 30 31 31 40 40 44 45 53 
3 5 7 11 13 14 14 15 19 22 23 24 31 31 33 33 37 44 45 53 
8 10 14 16 17 23 27 29 30 35 38 39 43 48 51 52 57 58 66 67 
3 8 10 15 16 23 26 31 32 33 36 39 43 43 44 44 49 58 66 67 
0 2 8 8 9 10 15 16 20 23 23 30 30 32 33 35 42 58 66 67 
7 9 10 11 15 17 17 18 21 21 25 29 32 37 37 38 42 47 48 50 
5 8 9 13 15 16 18 20 24 28 30 35 38 45 45 52 52 54 58 65 
2 7 9 10 11 11 11 13 17 21 21 25 30 32 35 52 52 54 58 65 
9 10 16 19 19 28 28 30 33 33 38 39 42 43 43 43 48 54 60 66 
1 2 9 10 15 16 21 26 26 27 27 28 31 38 38 38 46 54 60 66 
1 8 8 9 10 17 20 20 27 30 30 32 32 38 38 44 45 50 54 57 
1 3 8 13 18 22 24 29 34 34 38 42 46 48 50 56 57 61 64 66 
0 3 5 6 11 15 17 19 20 20 25 27 28 28 29 29 35 61 64 66 
1 4 9 10 17 20 20 23 30 31 38 38 44 47 48 48 55 61 64 66 
0 8 10 11 11 12 20 22 26 28 33 35 43 43 47 52 54 61 64 65 
0 2 5 7 8 8 9 11 11 13 13 14 15 18 19 20 26 29 34 65 
0 2 4 7 8 9 10 10 12 13 13 19 21 23 24 30 31 31 35 40 
7 8 9 15 15 22 22 22 30 32 33 33 35 35 38 38 42 42 43 40 
5 6 11 14 19 19 22 24 25 27 27 27 30 34 38 44 47 47 55 59 
3 8 11 18 21 24 28 29 29 29 31 32 33 39 41 43 49 50 59 69 
3 5 8 11 13 13 13 14 18 21 21 28 31 33 36 39 44 48 58 58 
4 9 14 16 17 22 22 29 29 29 36 36 44 45 48 50 53 58 59 60 
6 7 15 16 20 23 24 26 28 30 37 37 37 39 47 49 49 50 59 60 
0 2 4 5 8 9 10 12 18 19 21 21 37 39 47 49 49 50 59 60 
2 7 10 16 16 19 20 27 30 32 37 38 41 44 51 51 54 58 59 60 
4 5 6 7 11 11 14 19 22 23 25 25 28 32 33 35 36 38 39 42 
0 1 2 6 6 6 8 10 11 14 19 23 28 29 30 31 33 33 38 42 
4 5 7 11 11 14 18 20 21 23 24 27 31 33 34 36 37 39 40 40 
5 6 10 11 13 15 18 23 24 26 27 35 35 40 44 45 47 39 40 40 
2 8 9 17 18 26 28 28 31 36 39 40 41 48 50 57 57 58 61 65 
0 4 6 8 11 15 16 18 22 22 26 32 34 39 43 45 46 51 53 53 
1 3 6 12 12 13 15 19 20 22 23 27 28 29 31 33 39 40 53 53 
2 4 6 7 10 14 14 20 21 25 26 32 33 39 39 33 39 40 53 53 
7 8 11 11 13 13 17 17 18 21 22 26 30 30 33 33 36 40 53 53 
1 7 8 12 15 16 16 21 23 30 33 34 35 40 42 46 47 53 60 61 
2 5 6 6 8 8 13 17 20 23 30 31 31 32 33 33 34 53 60 61 
0 1 6 10 10 10 10 15 18 21 21 24 27 31 34 34 36 38 47 52 
4 10 11 18 20 20 20 21 27 29 30 31 38 38 42 42 44 52 62 70 
6 8 9 14 15 16 21 22 24 27 29 34 35 36 37 40 41 41 48 70 
1 2 5 6 8 9 10 11 16 21 21 24 24 25 26 28 31 40 40 43 
1 3 10 10 17 17 19 23 26 29 30 35 37 44 47 48 49 55 61 63 
1 5 10 14 14 19 21 23 24 27 31 31 38 38 38 38 39 46 61 63 
1 9 11 15 15 16 17 20 23 24 26 28 33 34 40 44 45 46 46 56 
8 9 10 10 13 19 20 23 23 25 26 30 33 36 39 39 45 46 46 56 
3 7 11 14 15 15 21 23 24 26 29 30 34 35 39 43 45 46 51 54 
0 0 4 4 6 6 13 14 17 19 24 25 25 26 28 33 38 40 44 44 
5 6 8 8 9 9 10 17 20 23 29 31 34 41 42 42 47 48 48 54 
5 5 5 6 6 9 12 13 15 16 16 16 20 21 21 25 31 31 39 46 
4 5 9 10 10 13 15 19 23 28 29 31 35 37 39 44 31 31 39 46 
1 3 8 9 12 19 20 21 22 28 30 30 37 39 40 44 31 31 39 46 
2 6 9 10 11 13 15 16 16 17 22 24 24 26 32 32 41 42 46 51 
0 7 8 12 12 17 18 18 19 20 23 24 25 30 34 36 39 42 46 51 
7 7 10 10 14 20 21 22 24 26 28 36 37 41 43 46 47 50 54 51 
2 5 7 10 11 15 17 22 25 26 28 30 34 35 37 39 41 48 48 51 
7 10 15 16 23 23 24 25 33 33 36 40 43 48 51 51 57 61 48 51 
1 3 11 12 12 13 17 19 23 27 27 34 36 37 40 42 44 61 48 51 
2 7 8 15 17 17 25 26 31 31 37 38 43 43 46 42 44 61 48 51 
4 5 7 12 17 18 23 25 27 29 30 36 36 36 40 44 50 60 68 78 
4 6 10 12 14 16 17 17 20 23 23 33 33 36 38 39 44 49 54 62 
1 3 5 6 10 11 15 16 23 25 26 31 35 37 37 43 43 44 51 52 
0 2 5 10 12 14 17 21 22 23 25 29 31 31 34 38 39 49 54 54 
1 2 8 12 14 18 22 24 25 27 32 34 35 39 39 43 39 49 54 54 
3 6 7 13 17 21 21 22 30 30 32 38 38 38 45 46 50 53 56 61 
1 1 10 11 11 16 17 21 25 25 32 33 34 35 43 45 52 52 59 64 
0 6 8 9 17 17 18 22 26 27 33 36 39 40 40 42 42 51 59 64 
2 6 9 12 12 15 16 22 23 28 29 33 33 33 34 38 41 48 48 54 
1 7 7 9 11 11 13 14 15 18 20 25 30 33 33 37 47 51 55 59 
4 9 13 14 17 19 20 22 29 29 30 34 37 42 46 47 49 52 54 60 
5 6 9 12 12 15 17 18 18 23 25 26 27 29 34 37 37 39 39 44 
0 3 7 12 15 16 21 21 22 23 28 33 38 42 44 45 53 39 39 44 
3 3 5 8 8 11 12 13 18 20 23 24 28 29 32 34 38 40 41 42 
4 6 9 11 19 19 20 20 23 23 28 30 34 39 39 46 47 48 56 63 
5 8 11 11 15 18 22 28 31 38 39 43 45 46 49 52 55 57 64 65 
0 2 7 8 8 10 10 12 15 18 20 22 25 27 30 31 55 57 64 65 
6 8 14 15 15 22 25 26 26 26 32 36 37 41 46 47 51 55 64 65 
8 9 9 10 14 14 16 23 23 26 26 31 34 35 36 41 44 44 45 65 
1 3 3 7 9 11 11 11 15 16 21 22 24 29 33 38 42 43 44 45 
9 10 13 15 15 18 19 24 26 30 30 32 34 36 38 38 42 44 50 51 
7 9 11 12 13 18 19 25 29 33 36 36 46 46 48 51 52 55 55 61 
2 3 6 12 15 16 18 19 25 27 34 37 38 39 42 44 45 50 54 64 
4 6 10 13 17 20 22 28 29 37 38 41 43 43 43 44 49 50 51 64 
1 3 7 11 11 12 18 20 26 27 29 30 32 39 41 46 50 50 51 64 
9 9 9 12 15 17 18 21 21 23 25 26 31 32 34 40 41 45 51 64 
3 7 9 12 13 20 21 23 25 25 26 28 35 35 37 44 45 48 51 55 
6 10 14 14 15 23 24 25 27 33 37 37 38 43 44 51 53 55 55 55 
4 4 11 13 19 20 24 30 31 39 40 43 44 44 47 47 53 55 55 55 
2 8 8 17 17 18 18 20 22 22 27 30 32 34 36 38 53 55 55 55 
0 3 4 8 14 14 16 17 23 26 26 27 31 32 33 35 38 39 46 49 
2 2 9 11 11 14 17 19 21 21 26 31 33 36 42 46 51 51 46 49 
4 6 6 9 10 13 13 13 13 14 17 21 21 21 42 46 51 51 46 49 
3 3 7 13 16 18 20 23 27 29 31 36 39 44 44 45 50 53 53 55 
7 8 8 10 14 14 15 21 21 26 27 28 28 32 32 34 36 42 53 55 
8 9 12 17 18 18 21 22 24 25 26 26 29 31 34 34 36 42 53 55 
3 8 9 12 15 17 24 25 25 27 32 34 38 39 40 42 43 44 50 60 
2 7 8 10 14 16 18 19 24 25 29 32 33 34 41 43 45 48 48 48 
5 5 7 9 16 17 19 20 26 29 31 33 38 39 41 42 45 48 55 58 
3 7 10 14 18 19 21 22 24 30 33 37 39 43 45 46 50 51 55 58 
7 8 11 13 13 14 17 22 23 23 24 28 30 32 34 35 38 42 42 48 
0 1 2 6 7 10 10 12 12 16 16 19 21 22 24 25 32 34 34 38 
1 1 6 9 13 16 18 20 22 23 25 25 25 31 32 34 34 34 35 40 
2 7 11 13 21 21 27 27 28 31 34 35 35 36 40 46 50 54 59 59 
2 6 8 8 9 10 15 19 21 21 22 23 27 27 30 31 37 37 37 59 
2 3 7 10 11 11 13 17 19 21 22 29 31 32 33 34 36 38 37 59 
3 7 9 9 17 17 21 21 21 25 25 25 30 31 32 32 33 36 45 54 
2 8 11 11 11 13 16 21 23 24 28 30 31 34 36 38 33 36 45 54 
2 3 6 9 13 14 15 15 23 23 26 29 35 39 44 45 46 48 48 58 
7 8 12 14 17 17 17 18 19 26 27 29 29 29 33 34 44 51 54 61 
2 5 5 7 12 14 17 19 25 25 26 35 36 40 41 44 47 51 51 61 
1 4 9 10 12 18 21 22 23 23 24 29 32 37 42 46 46 51 51 61 
1 4 8 8 13 13 14 15 18 21 24 24 28 29 29 29 35 38 38 61 
7 9 9 16 16 18 25 25 30 34 35 38 40 46 49 53 55 56 38 61 
0 2 4 5 6 11 14 18 21 22 28 32 36 39 41 44 45 51 52 53 
0 5 8 9 13 15 18 23 27 31 33 39 41 43 46 50 53 56 57 53 
3 8 12 15 20 21 27 28 28 34 34 43 44 45 45 46 48 56 57 53 
9 10 15 15 16 21 22 25 27 28 28 32 32 34 36 38 42 43 50 50 
2 5 8 9 10 12 12 13 20 20 23 27 29 33 36 42 43 46 53 61 
3 8 8 11 14 14 19 20 21 23 25 29 31 33 34 36 41 44 54 62 
5 8 15 16 19 20 20 23 23 28 29 29 29 33 35 39 40 46 51 58 
2 3 8 11 13 16 16 18 22 26 27 32 33 39 39 43 45 46 51 58 
6 6 6 13 13 18 21 22 27 28 29 33 35 35 36 38 43 46 51 58 
2 3 4 7 11 11 11 15 16 18 20 23 23 25 28 29 32 37 43 47 
0 4 4 8 10 11 18 19 25 27 33 35 35 40 41 41 43 46 49 55 
5 7 9 9 12 17 20 24 30 30 33 33 34 35 40 40 46 48 49 55 
7 9 9 15 15 18 19 28 28 30 38 39 40 42 48 52 58 64 71 81 
3 7 7 10 14 18 19 26 28 34 36 40 40 41 42 48 58 64 71 81 
4 5 6 9 13 15 17 17 19 19 23 26 28 29 33 41 49 58 68 71 
2 2 2 6 8 10 16 18 23 26 32 32 33 33 36 39 40 43 46 71 
0 9 10 15 15 18 20 20 22 25 26 31 31 32 38 38 42 46 46 71 
0 3 8 11 12 14 19 20 21 21 22 23 27 27 27 30 30 31 36 40 
2 3 4 4 9 14 17 19 26 29 29 34 39 44 49 54 54 31 36 40 
7 10 15 16 20 20 21 21 26 26 30 31 38 39 39 44 46 31 36 40 
1 3 4 10 10 11 17 18 18 19 20 25 29 32 37 38 46 31 36 40 
0 8 10 12 18 22 27 30 32 32 33 37 37 39 41 45 50 53 59 40 
1 2 3 4 7 12 15 18 24 24 24 25 33 34 39 39 50 53 59 40 
4 7 7 12 16 19 20 25 25 26 27 29 34 36 42 44 49 51 59 60 
0 1 3 4 5 9 11 12 19 21 21 21 28 31 36 40 42 46 52 53 
0 0 1 3 5 6 6 10 14 15 22 24 29 29 33 35 38 40 40 45 
0 3 4 5 6 7 7 10 10 19 20 27 28 29 34 37 43 44 40 45 
5 7 11 15 19 22 23 26 30 33 34 38 40 43 43 44 45 47 53 55 
5 7 9 11 12 16 18 20 21 22 22 27 30 31 34 38 40 47 53 55 
2 5 11 13 17 19 20 23 27 30 30 33 38 40 40 42 44 45 45 50 
0 9 10 11 16 18 21 28 31 32 32 41 42 44 48 53 55 55 58 59 
3 6 7 7 12 16 18 19 24 24 25 28 30 34 36 44 44 44 48 59 
1 2 8 10 10 16 20 26 27 28 33 37 41 43 44 45 48 48 49 56 
9 10 10 10 12 16 17 21 22 22 23 30 31 31 35 39 39 44 49 56 
9 10 10 10 17 18 19 20 22 23 25 29 32 32 38 39 39 42 46 51 
1 5 6 14 15 17 19 19 21 23 25 29 33 35 38 41 48 48 46 51 
4 7 11 14 15 19 20 22 23 24 26 30 32 39 40 40 41 42 46 49 
1 10 10 11 12 17 18 18 25 26 34 34 35 36 36 41 42 51 53 57 
5 10 12 13 13 13 13 15 17 17 20 21 21 25 27 27 30 30 38 45 
0 4 7 7 7 9 10 13 15 17 23 24 27 29 35 27 30 30 38 45 
0 2 4 5 7 10 14 16 18 18 18 22 25 25 30 32 33 39 40 46 
2 4 4 9 13 14 20 23 28 29 34 37 42 44 50 50 50 54 55 46 
5 10 15 15 19 22 22 29 32 34 35 41 45 45 45 51 60 67 72 74 
1 8 10 14 15 19 21 23 27 28 32 37 41 46 46 47 52 53 72 74 
7 9 12 15 18 18 22 23 24 27 32 32 35 37 37 38 41 53 72 74 
4 6 6 10 13 17 17 22 24 26 26 27 34 36 37 42 46 50 57 57 
5 8 10 11 12 17 21 23 25 28 30 32 38 40 47 47 48 50 57 57 
0 3 6 10 12 15 16 25 25 33 34 34 35 38 38 41 44 50 58 68 
0 4 10 14 15 15 19 23 26 30 36 38 40 41 43 46 46 51 55 60 
0 2 9 10 12 17 19 19 20 26 29 32 39 39 41 41 44 50 51 54 
4 9 9 15 17 18 22 27 28 31 34 37 41 44 47 50 51 57 61 70 
1 8 9 11 15 17 23 25 26 28 33 38 43 43 45 53 54 54 55 55 
6 6 10 11 14 14 15 17 24 24 27 29 29 32 32 37 42 42 55 55 
9 9 15 17 22 22 27 29 32 36 39 39 40 40 44 44 47 47 51 55 
3 4 10 12 15 21 22 23 26 27 30 31 31 31 34 35 36 47 51 55 
9 9 12 12 18 18 18 24 26 27 34 37 43 46 47 53 56 47 51 55 
8 9 13 19 19 23 23 25 31 35 40 42 45 47 48 49 53 53 51 55 
5 7 8 16 18 22 27 28 31 32 37 38 40 40 46 46 49 55 51 55 
1 1 2 3 7 10 10 16 17 17 20 20 24 27 46 46 49 55 51 55 
6 7 9 16 17 21 26 27 30 32 36 37 39 40 43 49 49 52 53 55 
1 6 6 8 11 15 18 20 22 23 23 26 32 33 37 38 46 48 56 56 
4 6 10 12 14 15 17 17 20 26 27 27 30 32 35 38 45 46 55 61 
4 8 12 12 13 20 21 23 29 31 35 40 42 44 44 50 51 59 59 61 
2 5 7 8 9 16 19 19 19 26 26 28 28 32 37 42 42 43 47 52 
3 4 8 8 10 13 16 18 20 24 27 30 30 34 37 43 42 43 47 52 
6 7 7 9 9 11 15 20 22 27 28 36 36 37 37 39 39 46 47 52 
5 8 12 18 20 20 23 26 27 32 32 34 34 37 41 47 47 46 47 52 
4 8 10 10 17 18 20 22 26 28 32 33 34 39 42 45 45 45 47 52 
8 10 10 11 13 16 18 22 22 23 23 29 29 33 36 43 45 46 49 52 
4 9 11 11 19 20 26 29 31 32 32 35 41 42 49 52 54 56 64 66 
0 2 4 11 12 17 19 23 24 24 25 29 32 33 39 40 42 56 64 66 
2 6 6 8 12 17 17 17 18 25 27 34 37 41 45 47 49 50 64 66 
0 1 1 3 4 6 6 7 8 15 16 19 21 22 23 28 30 32 64 66 
1 6 8 10 16 16 18 19 21 23 26 27 28 29 31 32 35 42 49 50 
6 10 10 14 16 16 21 24 26 27 31 33 36 42 43 43 43 46 50 56 
0 1 2 3 8 9 10 10 16 16 16 17 23 24 25 31 35 46 50 56 
4 6 8 12 13 16 18 23 25 31 31 33 38 40 42 46 46 50 50 56 
6 6 8 10 10 11 14 14 14 16 18 18 23 24 26 30 36 36 38 42 
6 8 9 12 18 19 20 21 25 28 30 32 33 33 41 42 42 49 50 42 
0 1 2 5 7 7 14 17 20 22 27 30 30 32 34 40 43 46 49 58 
3 9 10 16 18 19 19 20 20 26 27 27 33 34 36 39 46 51 57 66 
6 7 11 14 17 19 20 26 29 32 35 39 42 49 49 50 52 53 59 66 
0 2 9 10 12 14 20 21 22 23 23 28 31 35 36 36 52 53 59 66 
10 10 11 18 19 20 20 20 21 26 28 35 35 36 38 40 43 44 50 50 
6 9 15 15 24 24 30 31 37 38 41 43 43 43 45 50 53 57 64 69 
4 6 12 13 14 16 16 21 22 23 23 28 29 29 31 38 38 39 46 46 
6 10 12 15 15 17 20 20 26 28 29 31 33 33 39 41 43 48 51 52 
0 1 3 5 6 9 11 15 18 20 22 25 27 29 32 36 36 48 51 52 
4 5 14 14 16 23 25 25 26 28 29 34 39 43 49 50 50 52 57 52 
0 0 10 10 10 16 20 26 27 33 37 39 40 41 41 41 50 52 57 52 
9 9 16 18 24 25 29 31 32 32 38 41 46 46 48 52 54 58 58 63 
6 7 9 12 16 16 19 24 25 32 32 35 35 38 38 45 47 48 52 63 
4 4 6 6 13 14 18 21 21 22 26 28 30 30 32 35 38 40 52 63 
1 2 6 10 13 15 21 23 26 28 28 32 34 38 41 46 46 40 52 63 
1 1 2 5 5 6 15 15 16 20 22 25 26 33 36 42 46 50 52 63 
4 7 8 16 16 25 26 33 34 39 42 49 50 50 53 53 46 50 52 63 
0 0 8 10 14 17 18 23 28 29 30 31 40 40 44 49 49 50 59 68 
4 8 8 9 10 11 14 18 19 22 25 28 29 32 37 38 46 47 59 68 
5 10 11 15 16 18 18 23 24 30 32 36 39 44 45 45 46 47 51 68 
8 9 9 14 14 17 21 21 21 27 28 29 31 33 36 41 44 45 51 60 
2 3 3 10 10 11 15 19 20 22 22 26 27 34 35 40 40 41 46 60 
7 9 13 18 18 22 24 30 30 31 32 40 41 43 43 44 49 51 53 57 
9 9 12 13 14 17 21 21 21 22 25 31 31 32 34 34 34 43 43 43 
4 6 7 7 10 10 13 14 16 18 18 21 21 28 28 29 36 36 36 45 
1 3 3 6 10 10 16 17 18 20 25 26 32 33 33 38 38 39 36 45 
3 3 6 9 12 15 18 24 24 27 29 32 34 35 37 38 41 44 48 45 
5 5 9 13 14 17 18 18 18 20 21 21 23 30 32 37 38 44 48 45 
2 8 10 15 20 20 26 27 30 30 34 34 34 35 35 37 45 47 54 61 
0 4 4 10 10 10 13 16 16 24 25 32 34 35 40 43 45 47 54 61 
1 6 11 11 13 16 20 23 24 24 26 28 33 35 35 37 38 39 40 46 
1 4 6 7 8 11 12 12 15 18 19 20 27 29 30 30 36 39 40 46 
9 10 16 19 20 23 28 30 32 38 41 46 46 47 48 49 49 52 55 63 
4 4 7 8 8 12 12 13 16 19 19 20 28 29 30 36 37 45 47 57 
0 2 5 6 7 9 9 15 16 20 25 26 31 33 38 40 42 47 50 53 
3 4 8 9 9 11 19 20 22 22 23 23 23 23 31 33 40 40 43 53 
6 6 7 10 16 20 24 25 30 31 34 37 44 46 47 51 54 56 56 53 
2 8 10 13 15 18 23 24 32 33 39 42 42 47 49 50 50 51 54 59 
2 4 9 11 11 17 19 21 22 22 23 23 27 30 30 36 39 43 49 49 
1 4 7 8 9 12 12 14 20 22 28 30 30 34 36 40 42 43 49 49 
6 9 10 13 14 17 21 26 27 31 36 37 40 41 42 43 49 50 49 49 
7 9 12 17 18 18 21 24 30 32 35 36 38 39 39 41 42 42 51 57 
6 8 9 13 16 22 24 28 31 32 38 38 39 39 47 48 48 48 58 66 
1 3 9 11 16 19 24 26 27 29 29 30 34 35 37 40 40 43 45 52 
6 7 9 9 11 13 19 20 21 23 28 29 34 37 37 42 42 44 51 60 
2 3 8 10 13 17 18 18 22 28 28 34 35 43 44 50 50 44 51 60 
1 1 5 9 10 14 14 15 16 17 26 26 29 29 35 35 39 44 51 60 
5 8 13 14 20 23 27 27 29 29 30 36 39 40 41 45 47 53 56 59 
6 7 9 14 16 19 22 23 24 30 30 31 34 39 43 48 50 51 54 54 
2 9 9 13 14 14 16 17 19 21 27 28 29 34 35 39 43 45 54 62 
7 10 10 11 11 14 15 15 17 19 20 20 25 34 35 39 43 45 54 62 
7 7 9 11 11 14 14 18 22 23 27 33 37 41 42 42 42 50 50 62 
3 6 8 9 11 14 16 17 20 21 24 24 25 31 33 33 34 35 40 62 
9 10 12 13 17 18 19 22 29 32 32 37 37 40 41 45 45 52 56 65 
0 2 2 6 7 9 13 13 17 20 23 28 29 37 38 38 45 52 56 65 
6 8 8 11 14 20 21 23 23 27 29 31 34 35 35 35 43 43 45 65 
3 5 7 7 10 11 16 16 19 20 20 20 23 26 28 29 30 30 30 65 
3 6 9 11 14 17 19 27 29 30 34 37 41 43 44 46 50 52 62 66 
0 10 10 13 19 23 24 26 28 31 34 35 39 41 42 44 51 58 65 71 
2 7 7 7 12 14 16 22 23 25 31 32 32 36 39 41 42 43 65 71 
2 5 6 7 12 13 16 17 20 20 21 25 29 33 34 37 44 47 49 55 
2 2 4 5 6 8 14 15 18 20 27 27 30 31 31 36 37 38 38 55 
4 4 7 10 10 11 12 14 15 16 22 23 26 27 30 31 31 31 31 55 
1 4 7 8 14 17 23 27 28 33 38 40 42 44 45 47 48 51 58 64 
9 10 15 16 19 21 25 27 32 33 35 40 40 44 45 46 48 54 62 63 
8 10 18 19 21 23 27 32 33 33 35 37 37 38 40 44 49 53 53 63 
2 6 8 8 9 12 13 16 16 17 19 20 22 23 28 30 30 53 53 63 
5 9 11 16 17 19 22 22 29 29 33 38 40 42 48 48 50 53 53 63 
0 2 4 6 7 14 16 18 20 20 23 27 27 31 31 31 37 41 53 63 
8 9 12 18 19 26 26 30 32 36 42 43 46 47 53 55 61 62 65 71 
6 7 9 10 10 12 12 16 18 19 21 23 23 26 30 32 33 33 36 38 
7 9 17 18 21 25 28 30 37 39 46 46 46 49 51 55 58 64 68 71 
3 9 11 11 12 18 22 24 26 27 34 34 36 39 39 43 44 45 46 53 
1 3 3 8 11 15 17 18 18 19 26 29 31 31 32 35 38 39 46 53 
2 7 8 11 13 16 17 18 24 26 30 30 32 33 36 39 39 39 44 44 
2 5 5 11 15 17 22 25 31 35 36 38 41 48 50 51 56 56 44 44 
2 2 5 7 9 10 11 13 15 20 22 25 26 30 32 36 36 46 46 47 
3 7 9 9 10 11 14 16 17 22 23 24 32 32 37 42 42 51 51 51 
5 8 9 11 12 13 18 18 22 25 30 35 39 42 43 46 47 48 50 51 
2 4 9 12 16 18 19 28 29 30 35 36 37 40 42 45 47 48 50 51 
3 4 6 6 8 8 10 11 11 14 19 20 20 24 26 30 34 38 48 51 
1 2 4 6 14 15 18 24 24 25 29 30 30 33 37 38 38 38 39 51 
3 4 5 9 12 15 17 22 24 24 27 28 30 31 35 41 42 43 39 51 
1 3 4 9 13 18 22 26 27 28 36 37 40 41 42 44 46 51 52 58 
1 6 8 10 11 11 17 21 23 26 27 29 33 34 35 37 43 44 45 54 
1 6 8 15 16 24 25 27 33 37 41 45 46 51 51 53 55 58 61 71 
5 10 13 14 17 19 23 24 30 30 30 32 36 40 42 48 50 54 63 64 
0 8 9 15 15 16 20 21 24 27 29 35 38 39 46 48 57 61 69 73 
2 6 7 7 8 8 9 16 16 16 21 25 27 34 36 38 42 61 69 73 
5 8 10 10 15 16 18 25 26 29 33 34 34 40 40 42 42 61 69 73 
2 7 12 13 13 19 19 21 22 25 26 33 36 37 41 41 42 42 69 73 
2 3 4 5 5 12 14 21 22 25 26 27 30 36 39 40 43 42 69 73 
3 4 4 7 8 13 13 16 17 17 19 23 23 24 30 31 38 40 69 73 
1 5 5 7 8 11 11 18 19 24 25 25 26 26 35 35 40 48 48 50 
8 10 11 15 18 18 24 24 25 26 30 34 34 43 44 47 47 52 52 50 
2 4 7 8 13 15 16 22 25 25 31 33 34 40 43 46 50 52 52 50 
2 8 11 12 17 18 21 25 26 28 32 37 38 39 42 46 46 51 52 50 
3 5 8 12 13 16 19 24 25 26 28 29 32 32 41 42 44 51 52 50 
0 2 7 8 9 10 14 16 16 17 19 23 23 24 28 33 35 45 52 57 
6 9 12 14 17 19 26 28 29 32 33 38 38 38 45 45 54 54 52 57 
0 3 6 7 9 11 11 15 15 23 24 26 32 33 34 35 35 36 52 57 
3 4 5 7 8 10 16 17 18 23 24 32 32 36 38 41 43 44 51 61 
7 8 12 13 16 16 17 19 21 23 28 31 33 40 40 42 43 43 53 58 
0 10 10 10 12 14 22 24 25 25 31 35 38 39 40 45 46 48 53 63 
2 10 10 16 17 23 23 23 30 30 32 39 39 48 49 50 50 50 53 63 
4 5 9 15 15 17 18 18 22 26 28 33 34 38 42 42 46 47 52 63 
7 8 8 15 17 17 17 22 23 23 27 31 32 41 41 50 46 47 52 63 
4 6 12 12 16 18 19 21 22 23 31 32 34 34 39 42 45 47 54 63 
0 4 8 8 12 16 18 18 18 23 27 27 28 28 39 42 45 47 54 63 
0 8 8 10 11 13 13 21 21 22 27 31 36 36 36 42 48 51 57 60 
9 10 17 17 19 24 29 31 32 35 35 38 43 47 48 49 56 57 63 64 
2 6 12 13 18 22 24 28 34 34 34 35 41 43 51 52 56 57 63 64 
2 9 10 10 11 15 19 22 25 26 28 29 31 37 38 45 46 46 47 55 
1 7 9 10 11 14 15 17 18 18 18 21 21 21 22 26 46 46 47 55 
0 4 6 9 9 14 17 19 22 27 29 34 35 38 43 48 53 56 57 58 
2 3 5 5 9 12 18 19 20 22 27 27 30 32 35 39 41 42 43 48 
0 4 5 9 11 15 18 21 22 23 24 27 28 30 32 39 41 42 43 48 
0 4 6 6 8 10 10 15 20 22 22 24 27 28 33 36 38 43 51 61 
1 4 4 6 10 14 14 20 22 24 31 31 32 39 41 43 46 52 51 61 
2 6 9 10 12 14 21 22 23 30 33 39 42 45 46 49 56 56 51 61 
0 1 4 6 8 10 12 16 21 25 29 30 38 39 40 43 43 44 44 47 
4 8 8 8 14 14 20 22 26 30 33 35 38 45 46 47 47 49 44 47 
3 8 10 11 15 20 21 24 29 29 30 39 39 43 49 52 52 56 44 47 
4 4 5 9 13 19 22 22 24 29 29 30 39 39 39 41 43 51 52 53 
6 10 13 14 17 19 19 23 24 25 27 29 33 34 36 37 38 39 52 53 
6 10 14 19 20 22 23 23 27 27 31 37 39 42 45 46 50 53 55 56 
7 10 11 13 17 21 24 25 29 31 34 36 42 42 42 50 50 57 55 56 
4 9 9 11 13 16 22 23 24 25 31 34 36 38 46 47 47 47 53 54 
5 6 8 12 12 15 18 21 23 26 28 31 34 35 36 38 39 47 47 47 
7 7 8 13 14 14 17 23 25 27 28 28 36 37 38 38 40 41 47 47 
1 2 7 11 11 12 13 17 20 21 27 28 32 35 36 45 45 50 55 58 
0 0 10 10 14 16 17 22 26 27 29 29 30 32 37 37 38 47 48 58 
6 7 7 12 14 18 20 24 27 32 34 37 37 39 42 45 38 47 48 58 
3 8 9 15 17 18 21 23 24 31 31 31 35 35 43 44 54 56 58 58 
6 7 11 12 13 19 21 23 24 32 34 35 36 44 45 47 47 56 58 58 
0 2 6 9 14 16 19 19 23 25 32 34 34 35 36 37 46 48 55 65 
7 8 8 10 10 19 19 19 22 26 27 29 32 37 40 43 44 48 55 65 
5 6 6 14 16 17 23 25 30 31 31 32 32 36 41 44 44 48 55 65 
0 6 10 12 13 15 17 17 18 24 26 30 33 37 43 43 44 48 55 65 
4 8 11 18 18 19 20 28 29 31 35 36 37 39 43 43 44 45 49 53 
4 9 10 15 17 21 24 27 29 33 35 37 37 43 43 45 45 45 49 53 
6 6 7 10 11 13 14 18 19 20 29 29 37 39 44 47 52 53 57 62 
4 5 14 15 17 19 20 24 25 27 29 31 31 36 39 41 41 41 44 45 
4 4 9 12 12 12 13 14 16 16 17 21 24 24 25 32 33 35 35 45 
3 4 6 8 8 9 10 12 16 19 22 22 23 24 25 28 33 35 35 45 
0 2 5 5 10 13 17 22 27 28 29 29 36 38 40 43 46 48 51 45 
0 5 6 7 10 13 14 17 21 22 22 26 26 28 30 33 46 48 51 45 
4 9 9 10 11 18 19 21 22 25 29 29 33 34 35 40 43 48 52 61 
2 10 12 12 14 15 16 19 21 25 28 31 31 32 37 38 39 42 42 45 
7 7 7 9 17 17 17 19 23 28 29 29 33 36 38 38 45 45 51 55 
5 10 10 13 14 16 19 23 24 24 25 28 31 34 34 34 38 43 51 55 
2 8 9 13 13 14 17 22 25 25 28 29 29 35 37 40 43 48 56 62 
0 2 2 3 8 9 12 17 17 27 27 33 35 38 38 38 42 44 44 62 
6 7 10 15 17 23 26 32 34 35 36 40 43 43 45 48 50 51 60 60 
5 8 9 10 13 15 16 16 17 20 21 22 23 25 30 33 38 39 60 60 
2 4 10 11 16 16 17 17 17 19 20 26 26 26 29 33 39 43 46 56 
4 9 12 15 18 21 28 28 30 32 32 33 35 38 38 43 52 53 63 65 
1 8 10 12 17 17 18 24 25 28 35 36 36 38 40 41 43 53 63 65 
2 3 4 12 13 17 21 23 29 29 31 36 41 42 45 47 43 53 63 65 
0 3 6 8 8 12 12 15 22 24 31 33 33 39 41 41 44 48 54 59 
3 5 5 10 14 17 21 21 22 27 28 29 29 31 31 34 35 36 37 40 
9 10 11 16 21 21 26 29 33 33 39 42 45 49 51 53 58 60 61 66 
2 6 6 10 13 14 18 18 21 24 26 28 29 30 33 35 37 40 61 66 
6 6 8 13 14 19 22 24 26 29 31 33 34 40 43 43 49 52 55 62 
3 6 7 8 8 10 13 14 16 18 18 19 24 28 29 36 37 40 42 42 
6 10 10 16 20 26 26 27 32 35 35 38 38 39 42 44 46 47 42 42 
3 10 10 11 11 13 16 16 16 20 26 27 28 34 36 44 52 58 63 72 
3 4 11 11 12 15 17 19 23 25 26 26 33 34 34 37 37 38 39 72 
7 10 12 20 22 22 25 29 30 30 37 39 45 45 45 54 55 60 62 65 
8 8 18 18 21 24 25 26 28 32 34 40 42 47 48 51 55 57 60 68 
10 10 13 14 15 18 21 22 25 26 31 31 33 47 48 51 55 57 60 68 
0 4 9 11 14 17 19 19 21 23 24 24 25 31 31 37 40 40 60 68 
5 7 15 15 17 17 20 22 26 26 32 32 34 35 40 42 43 44 50 59 
4 6 8 10 14 20 20 24 29 30 35 37 40 40 47 49 43 44 50 59 
0 2 2 5 9 14 14 14 21 22 23 28 28 32 33 37 40 46 50 59 
4 6 14 14 21 23 26 31 34 34 35 36 39 42 46 48 55 64 73 78 
3 5 5 8 11 18 20 20 26 27 33 36 42 43 47 53 57 57 62 78 
6 9 10 11 11 13 15 19 20 21 21 25 26 29 33 36 39 43 47 48 
2 2 8 9 10 17 18 19 20 23 23 26 32 33 37 38 40 44 47 56 
0 2 3 5 10 14 15 20 22 22 25 27 32 33 34 35 36 36 47 56 
6 8 8 9 15 17 18 18 24 28 29 34 36 37 43 44 52 61 66 70 
3 6 13 13 21 23 28 30 32 34 35 40 41 41 45 50 54 61 66 72 
0 9 10 17 19 25 28 31 33 33 35 37 38 38 45 47 54 56 62 71 
0 3 5 6 7 10 14 18 18 22 25 30 30 39 39 40 42 56 62 71 
0 2 3 7 10 15 15 15 17 23 24 25 27 29 30 33 34 40 49 59 
1 8 10 13 14 19 19 24 28 29 35 37 45 46 47 47 49 50 54 57 
5 8 11 15 17 19 19 20 25 28 31 33 34 37 39 40 44 47 54 57 
6 7 9 13 16 16 18 21 26 26 27 33 37 41 43 43 45 47 47 57 
1 4 9 12 16 17 18 26 26 29 31 33 34 35 36 44 44 50 51 58 
1 8 8 8 15 16 17 26 27 29 29 29 33 34 34 38 48 51 57 67 
2 2 10 12 17 19 21 22 25 29 30 30 33 35 38 42 42 43 43 47 
1 2 4 5 8 9 9 12 16 18 22 24 28 32 33 35 36 39 41 45 
8 10 10 13 16 17 17 22 26 26 26 35 36 37 45 45 36 39 41 45 
5 5 9 11 18 18 21 22 22 25 25 32 32 38 41 47 48 54 41 45 
8 9 10 12 12 12 19 21 23 24 25 28 31 32 33 36 38 43 44 47 
1 5 6 8 12 13 15 15 22 25 28 31 32 39 41 43 44 44 50 47 
0 5 8 8 10 11 11 15 17 19 23 23 24 28 29 29 44 44 50 47 
2 4 4 4 5 5 9 11 13 13 17 17 17 23 29 29 44 44 50 47 
2 8 11 12 16 17 19 26 27 31 34 38 39 40 41 29 44 44 50 47 
1 6 7 10 16 16 17 22 24 27 32 34 39 40 42 45 47 47 50 47 
3 6 9 14 14 15 18 18 23 24 26 30 31 36 38 38 43 43 49 53 
10 10 16 20 23 28 28 31 33 33 39 40 41 41 49 50 52 43 49 53 
7 9 13 16 16 17 19 19 23 25 28 29 36 36 37 38 45 46 49 53 
1 8 9 13 15 17 17 17 19 19 26 27 29 30 34 39 39 44 44 46 
7 8 10 15 15 23 24 28 32 34 35 40 42 46 52 55 55 59 63 65 
4 5 11 12 16 20 21 24 27 31 36 37 38 45 46 51 51 51 54 57 
0 7 8 10 12 17 18 18 21 22 26 28 30 37 38 39 42 43 48 51 
3 4 5 5 12 14 21 22 29 30 31 31 33 37 37 40 40 41 44 49 
8 9 15 18 21 23 24 26 27 28 30 31 32 37 37 41 44 48 51 49 
2 4 5 8 12 18 20 22 27 28 33 36 36 37 40 40 43 48 51 49 
6 8 11 12 14 15 15 16 19 25 28 30 30 37 37 39 40 48 51 49 
5 5 12 15 21 22 22 23 28 31 34 40 42 42 42 44 40 48 51 49 
4 9 14 16 17 17 19 21 21 26 30 31 32 39 42 42 46 47 47 49 
2 6 8 8 10 15 16 18 20 20 20 20 25 25 29 29 29 47 47 49 
1 2 6 9 16 19 21 28 29 30 30 31 33 35 39 42 45 47 47 49 
5 8 11 15 16 20 21 26 27 35 36 45 45 46 51 53 57 47 47 49 
2 2 7 9 10 12 16 19 19 25 28 34 35 40 42 44 47 47 47 49 
7 9 10 14 15 16 22 22 26 29 32 32 39 41 41 41 44 51 47 49 
6 7 8 10 12 17 19 20 22 29 30 35 37 38 40 42 45 46 53 61 
7 7 8 10 12 15 19 21 23 28 28 30 31 31 32 34 34 37 53 61 
1 8 8 11 14 19 22 22 23 23 24 24 25 31 32 32 39 43 49 52 
1 7 7 9 10 14 18 18 19 25 27 30 32 33 33 36 36 36 38 45 
5 9 12 12 15 16 21 21 23 23 24 24 25 30 34 38 42 47 38 45 
0 3 5 10 12 13 19 20 20 22 28 32 36 40 44 47 49 50 54 59 
3 5 8 10 15 15 15 16 17 18 20 26 30 35 35 35 38 41 45 54 
7 10 16 16 20 21 25 28 34 37 41 43 51 53 57 62 63 65 71 54 
1 4 9 10 18 19 26 26 36 36 38 41 43 45 49 51 55 61 62 70 
1 1 1 5 6 9 11 11 13 16 20 21 21 25 27 33 37 39 62 70 
8 10 15 19 23 26 26 27 31 36 37 37 41 43 48 53 57 63 63 70 
1 2 7 10 11 12 14 21 21 22 23 24 30 31 32 41 42 63 63 70 
3 9 11 13 18 20 23 23 28 29 29 32 35 35 39 44 45 49 63 70 
4 7 9 9 12 13 17 18 18 18 19 19 21 22 27 32 38 48 50 59 
7 8 10 15 19 22 23 24 24 28 28 28 31 32 34 32 38 48 50 59 
4 4 5 7 8 14 17 18 18 21 24 26 27 35 35 37 37 37 50 59 
0 3 3 8 8 10 15 16 19 19 22 27 28 30 32 37 37 37 50 59 
3 4 10 11 13 15 20 21 22 25 27 31 32 35 37 41 41 41 42 59 
3 6 9 13 16 16 22 24 25 30 31 33 36 36 36 37 41 43 46 46 
5 6 13 15 16 17 21 23 23 23 29 31 32 38 41 47 51 51 51 53 
1 8 10 11 18 20 23 26 30 30 31 36 40 40 41 44 48 54 55 59 
4 7 8 9 16 17 21 25 27 27 31 34 35 36 36 40 40 54 55 59 
4 5 8 9 12 12 14 21 21 24 24 30 31 33 33 39 41 42 51 54 
0 1 8 8 10 15 19 19 23 23 24 25 26 26 30 30 31 35 41 42 
6 6 10 15 15 20 22 24 25 27 29 29 34 34 36 39 41 42 41 42 
0 2 6 7 11 12 13 16 16 18 18 21 26 28 36 37 40 40 41 42 
0 2 3 8 12 17 19 24 24 27 33 37 37 39 45 46 47 51 41 42 
1 4 8 13 14 14 15 19 20 22 25 27 30 31 34 34 43 44 46 49 
4 9 13 13 14 15 20 23 27 32 33 37 40 47 47 53 56 61 66 73 
3 7 10 10 13 15 17 18 21 21 28 30 30 32 47 53 56 61 66 73 
5 6 6 10 12 14 17 21 21 23 31 33 37 40 43 46 56 61 66 73 
5 8 13 13 15 15 19 25 29 29 32 39 39 45 45 46 50 50 66 73 
3 5 7 10 12 13 14 20 21 26 29 32 33 33 45 46 50 50 66 73 
0 2 7 12 12 20 20 26 28 29 32 35 35 37 37 41 41 45 46 48 
0 1 5 9 13 13 15 16 17 18 19 20 20 23 25 29 31 37 45 53 
1 3 7 7 9 10 13 14 22 23 23 23 29 31 32 34 39 42 49 50 
7 8 11 12 16 20 24 24 32 32 33 33 35 36 38 45 48 51 49 50 
7 9 13 13 15 18 18 23 24 24 27 27 27 30 33 34 48 51 49 50 
7 9 10 11 17 17 19 24 29 31 37 39 40 40 45 45 45 52 52 52 
5 6 10 14 16 20 20 21 24 26 32 34 37 40 40 45 48 50 50 60 
4 6 9 16 18 19 20 22 27 28 30 35 36 36 44 46 47 51 56 59 
0 1 6 7 8 10 13 13 16 21 21 21 21 26 30 32 36 36 36 59 
6 8 13 14 16 21 22 25 26 27 28 30 32 36 36 41 42 36 36 59 
2 7 11 12 15 16 23 26 27 28 32 32 36 40 36 41 42 36 36 59 
4 4 8 12 12 19 22 23 26 30 33 40 42 46 50 50 53 54 36 59 
7 9 10 12 15 17 17 25 27 27 30 31 31 35 38 39 40 40 36 59 
0 2 10 12 14 16 20 21 25 28 30 34 36 37 39 39 42 47 50 59 
7 10 11 12 18 20 22 27 28 30 34 35 40 43 44 46 47 50 52 58 
0 7 9 10 11 12 19 20 22 27 28 35 38 40 43 46 47 50 52 58 
8 8 14 14 19 19 24 25 26 27 34 35 35 35 37 37 39 41 51 57 
4 6 13 14 18 22 23 27 29 29 35 36 38 40 44 46 47 47 51 54 
8 9 10 11 16 20 21 21 21 21 25 28 28 29 33 36 43 44 45 46 
3 5 6 11 13 18 18 20 22 29 30 33 38 40 46 47 57 66 66 72 
5 9 13 15 18 19 25 25 28 29 35 35 36 38 42 43 43 66 66 72 
3 3 5 8 12 13 16 19 24 26 26 32 34 35 36 41 43 45 46 72 
1 2 3 7 11 13 14 23 24 29 31 31 31 35 35 35 37 42 46 72 
3 4 7 12 12 14 15 16 19 23 24 24 24 32 34 39 49 51 53 58 
9 10 13 13 20 22 22 23 24 31 34 36 38 38 38 41 47 50 52 58 
4 10 11 17 20 22 28 28 29 29 30 35 36 38 44 48 49 51 51 58 
0 1 7 9 17 19 20 23 25 27 33 36 42 42 47 50 54 60 64 64 
6 10 12 13 15 16 17 17 19 24 27 29 32 37 37 42 43 43 47 47 
1 1 4 6 11 11 14 16 22 25 30 32 32 39 42 42 43 43 47 47 
3 5 6 9 11 16 19 19 21 23 23 25 25 25 27 31 32 34 36 36 
5 8 10 14 15 18 22 24 28 29 34 37 38 45 45 46 32 34 36 36 
7 9 12 17 18 18 20 23 23 26 28 31 32 32 38 39 40 45 36 36 
0 1 5 10 10 11 18 20 23 27 29 30 34 34 34 39 43 45 36 36 
5 5 6 8 9 15 16 21 21 24 26 33 35 38 41 39 43 45 36 36 
1 1 10 11 16 17 17 23 27 32 34 38 41 48 50 54 58 67 76 80 
6 8 9 9 15 19 19 20 22 22 24 26 29 31 32 32 42 46 53 53 
1 3 6 9 15 16 17 24 25 26 27 34 34 36 37 43 42 46 53 53 
2 6 7 7 11 15 15 18 22 24 24 25 28 28 33 38 42 42 46 52 
1 4 6 8 9 12 16 18 23 24 28 29 31 38 39 39 41 42 46 47 
1 5 6 7 11 11 12 13 16 18 20 26 26 27 29 36 37 43 45 52 
1 1 2 4 6 8 8 11 12 13 17 17 20 23 24 24 31 33 40 43 
0 6 6 6 10 12 15 17 18 18 23 27 33 35 35 40 43 48 48 48 
3 9 10 10 12 12 13 20 22 29 29 30 33 34 37 37 39 43 48 48 
2 2 4 4 5 11 11 13 20 20 21 23 26 30 31 36 39 39 46 52 
8 10 16 18 23 26 27 32 34 37 37 41 43 44 52 53 55 61 64 52 
2 3 5 8 13 15 18 22 22 22 28 31 35 35 40 40 43 44 51 56 
4 7 12 12 15 17 18 25 26 26 29 29 34 36 39 39 41 41 41 43 
9 10 15 16 18 22 23 26 26 26 26 29 31 31 32 36 38 41 41 43 
2 3 10 12 19 19 22 22 28 32 36 36 38 40 43 43 46 47 52 57 
8 9 10 16 17 19 22 24 26 30 31 34 37 40 40 40 41 43 46 57 
7 8 15 15 22 24 25 29 31 37 39 41 47 48 49 52 54 58 62 64 
2 4 5 11 14 17 22 27 28 36 37 39 44 47 51 56 56 57 62 62 
0 0 4 6 6 10 10 10 13 14 18 20 21 23 28 31 32 35 36 45 
4 7 8 8 9 12 13 15 21 22 23 31 33 33 34 36 39 41 51 61 
0 2 2 4 10 10 11 13 17 18 19 21 23 25 25 36 39 41 51 61 
7 8 9 13 15 17 17 20 24 24 28 30 33 34 40 42 42 45 48 48 
2 6 7 9 9 11 14 15 17 23 24 25 28 30 36 37 43 46 48 52 
4 7 9 14 14 18 24 24 27 29 30 33 40 42 42 47 47 48 53 52 
6 6 6 7 11 11 14 15 19 20 24 25 27 30 35 47 47 48 53 52 
3 4 9 13 18 19 22 27 27 33 33 36 41 46 50 52 53 54 53 52 
4 5 8 11 15 16 21 24 24 24 24 25 32 33 35 36 53 54 53 52 
0 0 5 7 12 15 18 19 19 21 21 23 28 30 32 34 37 37 53 52 
8 10 13 20 22 24 30 32 35 38 38 38 40 48 50 56 57 60 53 52 
7 8 10 10 12 14 18 22 22 22 27 28 32 35 37 38 41 44 53 52 
2 2 9 10 11 13 18 19 23 24 30 32 33 39 43 45 47 47 50 52 
3 5 8 10 17 17 20 22 22 27 29 30 31 35 38 39 47 47 50 52 
4 5 6 10 12 15 15 15 16 23 24 24 26 32 35 41 47 47 50 52 
4 5 6 7 9 11 15 15 16 18 21 21 21 21 25 29 35 35 36 37 
3 5 7 12 12 14 22 22 25 30 34 38 44 46 48 52 56 60 61 64 
1 1 2 4 4 6 8 11 12 12 17 19 20 24 27 27 28 32 35 39 
5 5 7 8 10 11 12 15 15 18 22 25 26 29 34 27 28 32 35 39 
5 8 15 17 22 24 24 31 33 37 39 39 44 46 48 50 50 58 59 39 
2 8 10 15 18 22 23 24 30 31 31 31 34 36 48 50 50 58 59 39 
8 8 11 13 16 16 19 19 23 25 27 27 28 30 31 32 50 58 59 39 
1 2 10 12 15 21 21 30 31 36 37 41 45 48 51 52 53 58 59 39 
0 0 6 7 7 7 9 10 11 16 17 24 24 24 26 26 36 37 47 53 
6 8 9 11 16 17 23 26 27 27 29 36 37 41 43 47 49 37 47 53 
4 8 12 12 13 17 17 20 23 23 24 28 29 29 29 38 39 43 47 53 
0 1 7 10 11 11 18 21 23 24 25 25 27 33 36 37 39 43 45 49 
4 5 6 13 13 15 15 16 19 21 24 28 30 33 36 40 42 44 46 49 
3 7 9 11 14 17 19 19 20 23 23 24 29 29 38 39 42 48 52 49 
2 3 8 9 15 17 19 23 25 26 30 31 33 35 36 38 41 41 42 44 
6 6 8 11 12 13 15 16 20 24 25 27 30 30 33 33 40 41 45 55 
1 4 7 12 17 20 23 24 29 32 35 38 39 39 40 44 46 47 57 61 
1 1 1 1 2 11 12 13 18 20 21 23 26 26 29 36 38 42 44 45 
1 2 4 9 11 11 14 15 15 18 18 20 20 25 25 36 38 42 44 45 
2 7 7 12 17 19 23 26 28 30 35 39 44 45 45 45 49 49 54 63 
7 8 9 12 15 16 16 20 23 26 28 32 33 38 38 41 42 45 49 51 
9 9 10 13 15 15 17 19 23 24 30 30 31 33 36 38 41 44 49 51 
1 1 3 3 4 6 9 9 15 15 15 16 17 23 23 25 25 29 49 51 
6 6 8 13 14 14 18 19 21 28 31 31 32 33 38 43 43 29 49 51 
4 5 8 8 12 15 16 20 21 28 29 33 33 37 37 39 46 29 49 51 
0 1 3 3 5 13 14 18 20 27 29 34 34 35 43 45 53 53 54 55 
0 3 5 8 15 15 16 17 22 25 31 32 33 33 39 40 41 41 45 49 
3 5 9 11 16 17 22 26 26 32 36 36 41 42 44 49 52 52 59 64 
1 1 4 5 6 10 13 17 20 26 29 35 36 40 41 43 46 46 51 56 
1 7 10 16 20 22 24 31 32 37 37 37 39 39 40 42 43 46 48 53 
2 3 4 7 7 12 12 15 19 20 21 24 25 26 28 33 37 46 48 53 
1 2 5 8 13 14 21 21 23 24 25 31 32 35 35 35 42 43 45 55 
1 4 8 10 12 17 19 20 23 24 33 33 38 41 47 51 51 52 58 64 
5 5 8 10 13 19 22 22 26 27 28 31 32 34 40 40 41 43 46 52 
8 10 12 16 18 22 27 27 29 30 35 38 45 47 53 53 57 58 65 52 
9 10 10 12 14 17 19 24 24 31 32 33 37 42 45 48 49 49 51 52 
2 4 6 8 11 13 14 17 17 18 19 21 22 26 28 48 49 49 51 52 
2 4 5 9 9 11 13 13 15 15 20 25 25 32 34 36 40 40 51 52 
5 9 12 14 14 18 19 21 26 26 26 30 34 36 39 46 48 53 54 55 
1 7 9 10 12 17 20 23 24 24 29 33 33 35 39 43 44 46 54 55 
0 4 6 8 12 13 17 18 18 20 25 28 29 30 33 34 36 41 51 57 
7 7 8 14 14 16 16 17 18 26 28 28 31 33 39 40 46 48 48 57 
1 4 10 10 18 20 21 29 29 29 32 35 35 40 42 45 46 49 48 57 
7 10 13 14 14 22 23 26 26 26 28 36 38 39 39 42 43 49 48 57 
0 5 5 10 12 18 22 22 28 32 34 39 41 47 50 51 51 51 59 63 
3 7 7 9 9 12 14 14 14 16 19 20 24 26 32 32 35 35 41 45 
4 10 11 12 13 14 15 20 23 27 29 29 35 39 40 44 35 35 41 45 
0 3 4 6 11 12 14 14 14 18 23 24 25 30 34 40 40 42 47 45 
2 8 11 12 18 19 22 26 27 28 30 30 32 34 34 39 41 42 47 45 
5 9 12 19 21 28 28 31 32 36 37 38 45 47 51 53 55 58 59 60 
5 5 5 6 6 9 11 15 17 17 18 20 21 26 30 33 55 58 59 60 
0 4 5 11 12 15 15 20 21 24 28 28 32 35 36 37 39 58 59 60 
2 6 11 16 21 25 29 32 34 34 39 44 45 53 54 59 59 58 59 60 
4 5 10 12 13 15 17 19 23 27 27 30 31 35 41 45 49 54 58 63 
0 8 9 13 17 20 21 27 29 34 37 43 44 48 50 50 52 54 58 63 
0 2 3 3 4 4 7 13 17 17 23 26 27 27 29 29 30 54 58 63 
6 10 11 12 17 17 19 21 23 25 26 29 33 36 42 43 30 54 58 63 
1 6 7 7 11 13 15 19 20 24 25 30 30 31 34 35 37 43 46 56 
3 4 4 10 14 17 17 18 18 26 26 29 30 30 32 38 40 42 46 56 
0 3 5 5 7 8 11 12 18 21 21 22 26 30 32 38 40 42 46 56 
0 8 8 9 10 11 12 13 15 15 18 19 21 26 33 38 44 49 59 59 
1 3 11 12 15 19 21 22 27 29 32 35 39 40 42 46 48 49 53 59 
3 4 5 13 15 15 16 17 21 22 23 26 30 34 37 38 41 43 46 59 
3 7 8 12 15 17 22 22 29 29 32 35 42 43 44 49 56 60 67 68 
1 4 5 7 7 10 15 15 17 17 25 27 28 30 33 34 39 60 67 68 
7 9 13 13 17 21 24 29 31 31 33 40 40 47 49 52 55 56 57 68 
0 1 5 6 7 10 13 18 19 20 28 29 30 31 35 39 40 40 44 51 
4 6 8 9 17 18 22 22 25 26 28 29 29 32 38 40 43 44 46 52 
5 7 11 15 16 16 21 26 27 29 30 34 39 39 41 48 49 53 57 63 
4 9 10 10 11 12 14 14 14 17 18 18 20 28 29 29 32 53 57 63 
8 9 11 11 11 14 18 22 24 26 29 33 34 36 36 38 38 47 50 57 
6 6 7 7 9 11 15 16 20 20 20 25 28 30 33 38 38 42 43 51 
1 5 7 7 11 14 15 15 17 20 21 24 25 25 26 32 35 35 42 51 
8 8 8 9 9 9 12 12 15 15 15 20 20 20 30 30 35 35 40 40 
4 5 7 7 8 10 14 17 18 21 21 27 30 32 37 38 35 35 40 40 
